hive> select * from weather.weathercurated limit 50;
OK
weathercurated.station_identifier       weathercurated.observation_date weathercurated.precipitation    weathercurated.maxtemparature  weathercurated.mintemparature   weathercurated.snowfall weathercurated.snowdepth      weathercurated.evaporation       weathercurated.waterequivalentsnowdepth weathercurated.waterequivalentsnowfallweathercurated.sunshine
NLE00109078     2017-01-01      2.8     0.0    0.0    0.0     0.0    0.0    0.0    0.0    0.0
CA003015600     2017-01-01      0.5     -9.2    0.0    0.0    0.0    0.0    0.0    0.0    0.0
US1WAKG0146     2017-01-01      6.6     0.0    1.5     1.5     0.0    0.0    0.0    0.0    0.0
USC00148038     2017-01-01      0.0     6.7     0.0     0.0     0.0    0.0    0.0    0.0    0.0
USR0000AHIL     2017-01-01      0.0    4.4     0.0    0.0    0.0    0.0    0.0    0.0    0.0
NO000099710     2017-01-01      0.3     -2.9    0.0    0.0     0.0    0.0    0.0    0.0    0.0
ASN00040189     2017-01-01      0.0     0.0    0.0    0.0    0.0    0.0    0.0    0.0    0.0
ASN00089010     2017-01-01      0.0     0.0    0.0    0.0    0.0    0.0    0.0    0.0    0.0
US1TNMM0006     2017-01-01      8.6     0.0    0.0    0.0    0.0    0.0    0.0    0.0    0.0
US1INWB0013     2017-01-01      0.0     0.0    0.0    0.0    0.0    0.0    0.0    0.0    0.0
US1IDAD0004     2017-01-01      0.0     0.0    0.0     0.0    0.0    0.0    0.0    0.0    0.0
USC00417060     2017-01-01      0.0     0.0    0.0     0.0     0.0    0.0    0.0    0.0    0.0
US1NCBF0024     2017-01-01      0.0     0.0    0.0     0.0    0.0    0.0    0.0    0.0    0.0
US1OKTL0030     2017-01-01      0.0     0.0    0.0     0.0    0.0    0.0    0.0    0.0    0.0
US1TXAS0005     2017-01-01      6.1     0.0    0.0     0.0     0.0    0.0    0.0    0.0    0.0
ASN00007023     2017-01-01      0.0     0.0    0.0    0.0    0.0    0.0    0.0    0.0    0.0
US1OHCK0001     2017-01-01      0.0     0.0    0.0     0.0     0.0    0.0     0.0     0.0    0.0
USC00036506     2017-01-01      6.4     14.4    0.0     0.0     0.0    0.0    0.0    0.0    0.0
USC00384607     2017-01-01      5.8     9.4     0.0     0.0     0.0    0.0    0.0    0.0    0.0
FIE00146508     2017-01-01      1.7     -5.2    0.0    0.0    0.0    0.0    0.0    0.0    0.0
CA1NL000011     2017-01-01      28.4    0.0    3.0     0.0    0.0    0.0    3.0     0.0    0.0
USC00356750     2017-01-01      2.8     4.4     0.0     0.0     0.0    0.0    0.0    0.0    0.0
USC00234694     2017-01-01      0.0     11.1    0.0     0.0     0.0    0.0    0.0    0.0    0.0
GME00131482     2017-01-01      0.0     -0.2    0.0    0.0     0.0    0.0    0.0    0.0    0.0
USC00351058     2017-01-01      4.1     12.8    0.0    0.0    0.0    0.0    0.0    0.0    0.0
US1GAGW0045     2017-01-01      11.9    0.0    0.0    0.0    0.0    0.0    0.0    0.0    0.0
USC00432314     2017-01-01      3.0     0.0     4.1     40.6    0.0    0.0    0.0    0.0    0.0
USC00452007     2017-01-01      1.8     -5.0    3.3     30.5    0.0    0.0    0.0    0.0    0.0
US1CASM0033     2017-01-01      0.5     0.0    0.0     0.0    0.0    0.0    0.0    0.0    0.0
USR0000OMTY     2017-01-01      0.0    0.0     0.0    0.0    0.0    0.0    0.0    0.0    0.0
US1KSRL0020     2017-01-01      0.0     0.0    0.0     0.0    0.0    0.0    0.0    0.0    0.0
USC00486555     2017-01-01      0.0     -10.0   0.0     10.2    0.0    0.0    0.0    0.0    0.0
USC00200228     2017-01-01      0.0     8.3     0.0     0.0     0.0    0.0    0.0    0.0    0.0
USC00200230     2017-01-01      0.0     5.0     0.0     0.0     0.0    0.0    0.0    0.0    0.0
USC00140926     2017-01-01      0.0     0.0    0.0     0.0     0.0    0.0    0.0    0.0    0.0
US1NMBR0012     2017-01-01      0.5     0.0    0.0    0.0    0.0    0.0    0.0    0.0    0.0
ASN00078080     2017-01-01      0.0     0.0    0.0    0.0    0.0    0.0    0.0    0.0    0.0
US1TXLS0004     2017-01-01      0.0     0.0    0.0     0.0    0.0    0.0    0.0    0.0    0.0
US1TXPL0024     2017-01-01      1.5     0.0    0.0    0.0    0.0    0.0    0.0    0.0    0.0
USS0020A07S     2017-01-01      0.0     -5.8    0.0    124.5   0.0    312.4   0.0    0.0    0.0
USC00237772     2017-01-01      1.3     6.7     0.0    0.0    0.0    0.0    0.0    0.0    0.0
USS0011K13S     2017-01-01      0.0     4.6     0.0    55.9    0.0    139.7   0.0    0.0    0.0
USC00365918     2017-01-01      1.3     6.1     0.0     0.0     0.0    0.0     0.0    0.0    0.0
RQC00665693     2017-01-01      0.0     30.6    0.0    0.0    0.0    0.0    0.0    0.0    0.0
USW00023254     2017-01-01      0.0     12.8    0.0     0.0     0.0    0.0    0.0    0.0    0.0
SP000008416     2017-01-01      0.0     16.1    0.0    0.0    0.0    0.0    0.0    0.0    0.0
USC00116080     2017-01-01      0.0     4.4     0.0    0.0    0.0    0.0    0.0    0.0    0.0
CA002300501     2017-01-01      0.5     -19.0   0.0    2.0     0.0    0.0    0.0    0.0    0.0
NLM00006260     2017-01-01      1.9     1.9     0.0    0.0     0.0    0.0    0.0    0.0    0.0
USW00094012     2017-01-01      2.8     -4.9    5.8     3.0     0.0    0.0    0.0    0.0    0.0
Time taken: 1.032 seconds, Fetched: 50 row(s)

hive>select count(*) from weather.weathercurated;
Query ID = hive_20180527164419_955eaa4e-f41e-4614-9ead-ae900d77a962
Total jobs = 1
Launching Job 1 out of 1
Status: Running (Executing on YARN cluster with App id application_1527228311618_1805)

--------------------------------------------------------------------------------
        VERTICES      STATUS  TOTAL  COMPLETED  RUNNING  PENDING  FAILED  KILLED
--------------------------------------------------------------------------------
Map 1 ..........   SUCCEEDED      1          1        0        0       0       0
Reducer 2 ......   SUCCEEDED      1          1        0        0       0       0
--------------------------------------------------------------------------------
VERTICES: 02/02  [==========================>>] 100%  ELAPSED TIME: 56.67 s
--------------------------------------------------------------------------------
OK
11265241
Time taken: 61.507 seconds, Fetched: 1 row(s)



